Prefab: Missile
RootEntity: 9177273757486242227
Entities:
  - Entity: 9177273757486242227
    Tag: Missile
    Parent: 4684815799029988688
    Audio Source:
      AudioBank: 12311189374319023591
      AudioEventName: FireballFlight
      PlayOnInit: true
      IsOneShot: false
    Transform:
      Position: [-0.515158653, 2.18708563, -3.11121488]
      Rotation: [-0, 0, 0]
      Scale: [1, 1, 1]
  - Entity: 14586057746468430878
    Tag: Rock
    Parent: 9177273757486242227
    MeshRenderer:
      Mesh: 4915651832749162070
      Material: 6368603494050966349
      Cast Shadow: true
    Transform:
      Position: [0, 0, 0]
      Rotation: [-0, 0, 0]
      Scale: [0.0500000007, 0.0500000007, 0.0500000007]
  - Entity: 15044899224497444663
    Tag: Fire Particles
    Parent: 14586057746468430878
    Emitter:
      Birth:
        RandomVelocity: true
        Velocity: [0, 3, 0]
        VelocityB: [0, 7, 0]
        RandomStartPosition: true
        Position: [0, 0, 0]
        PositionB: [0.200000003, 1.5, 0.200000003]
        RandomStartColor: false
        StartColor: [1, 1, 1, 1]
        StartColorB: [0, 0, 0, 0.988235295]
        EndColor: [1, 1, 1, 0]
        RandomStartSize: true
        StartSize: 0.699999988
        StartSizeB: 0.899999976
        EndSize: 0.100000001
        RandomStartLifeTime: true
        LifeTime: 0.200000003
        LifeTimeB: 0.5
        GravityScale: 0
      Texture: 788160533914043389
      MaxParticles: 100
      Rate: 10
    Transform:
      Position: [0.186893478, 2.15889931, 1.90735659e-06]
      Rotation: [-0, 0, 0]
      Scale: [0.5, 0.49999696, 0.49999696]