Prefab: Rock
RootEntity: 3187912942755661022
Entities:
  - Entity: 3187912942755661022
    Tag: Rock
    Transform:
      Position: [7.01060009, 2.49476457, 0]
      Rotation: [-0, 0, 0]
      Scale: [0.100000001, 0.100000001, 0.100000001]
    MeshRenderer:
      Mesh: 4915651832749162070
      Material: 6368603494050966349
      Cast Shadow: true
  - Entity: 5320316740071404394
    Tag: Fire Particles
    Parent: 3187912942755661022
    Transform:
      Position: [0, 0, 0]
      Rotation: [-0, 0, 0]
      Scale: [0.5, 0.5, 0.5]
    Emitter:
      Birth:
        RandomVelocity: true
        Velocity: [0, 4, 0]
        VelocityB: [0, 8, 0]
        RandomStartPosition: true
        Position: [-1.10000002, 0, -0.300000012]
        PositionB: [0.899999976, 0, 1.29999995]
        RandomStartColor: false
        StartColor: [1, 1, 1, 1]
        StartColorB: [0, 0, 0, 0.988235295]
        EndColor: [1, 1, 1, 0]
        RandomStartSize: true
        StartSize: 0.699999988
        StartSizeB: 0.899999976
        EndSize: 0.100000001
        RandomStartLifeTime: true
        LifeTime: 0.200000003
        LifeTimeB: 0.600000024
        GravityScale: 0
      Texture: 788160533914043389
      MaxParticles: 100
      Rate: 100