Tint: [1, 1, 1, 1]
Metallic: 0.0399999991
Roughness: 0.779999971
EnableTransparency: true
Albedo: 16577848131177661364
RoughnessTexture: 11789752571048835778
AmbientOcclusion: 5057381360372873585
Normal: 7409245161764358303
Tiling: [1, 1]
Offset: [0, 0]