Tint: [0.600000024, 0.600000024, 0.600000024, 1]
Metallic: 0.00100000005
Roughness: 0.999000013
EnableTransparency: false
Tiling: [1, 1]
Offset: [0, 0]