Tint: [0.640000045, 0.640000045, 0.640000045, 1]
Metallic: 0.00100000005
Roughness: 0.690034807
EnableTransparency: false
Tiling: [1, 1]
Offset: [0, 0]