Tint: [1, 1, 1, 1]
Metallic: 0.0399999991
Roughness: 0.189999998
Albedo: 4168863172087027693
Normal: 3324371759162674043
Tiling: [1, 1]
Offset: [0, 0]